>>> loop_sniff()
True [534, 972, 946, 942, 934, 458, 480, 504, 503, 502, 508, 509, 510, 516, 516, 518, 510, 502, 513, 511, 509, 513, 505, 511, 508, 517, 510, 507, 510, 511, 509, 512, 510, 491, 511, 508, 511, 511, 509, 514, 511, 510, 509, 505, 507, 510, 558] [120, 4, 4, 4, 4, 69, 15, 14, 32, 33, 31, 32, 31, 15, 30, 14, 31, 15, 13, 14, 14, 15, 14, 31, 32, 15, 14, 14, 14, 32, 14, 14, 31, 16, 14, 32, 14, 32, 14, 14, 14, 15, 14, 14, 14, 32, 114]
detected TFA Dostmann !
temperature:18.56, humidity:50, channel:1
True [596, 978, 952, 941, 934, 430, 436, 508, 508, 501, 508, 517, 514, 521, 517, 520, 511, 504, 519, 517, 515, 512, 510, 513, 455, 521, 508, 519, 504, 514, 510, 514, 612, 498, 508, 517, 512, 519, 513, 511, 510, 514, 503, 511, 510, 564] [107, 4, 4, 4, 4, 73, 17, 14, 32, 33, 31, 31, 31, 15, 30, 14, 31, 15, 13, 14, 14, 15, 14, 31, 35, 15, 14, 14, 14, 32, 14, 14, 12, 14, 32, 14, 32, 13, 14, 14, 15, 13, 14, 14, 32, 113]
[17, 14, 32, 33, 31, 31, 31, 15, 30, 14, 31, 15, 13, 14, 14, 15, 14, 31, 35, 15, 14, 14, 14, 32, 14, 14, 12, 14, 32, 14, 32, 13, 14, 14, 15, 13, 14, 14, 32, 113]
occur1:14, occur2:31, removed [107, 4, 4, 4, 4, 73]
001111101010000001100001000010100000001
True [600, 964, 949, 936, 934, 470, 472, 504, 500, 490, 504, 506, 512, 511, 511, 505, 509, 493, 450, 512, 503, 505, 506, 509, 509, 507, 503, 508, 509, 501, 511, 504, 510, 480, 510, 509, 508, 498, 515, 507, 506, 508, 506, 503, 503, 506, 558] [107, 4, 4, 4, 4, 68, 16, 14, 32, 33, 31, 32, 31, 15, 31, 14, 31, 16, 15, 14, 14, 15, 14, 32, 32, 15, 14, 14, 14, 33, 13, 14, 31, 16, 14, 31, 14, 33, 13, 14, 14, 15, 14, 14, 14, 32, 114]
detected TFA Dostmann !
temperature:18.56, humidity:50, channel:1
True [594, 974, 950, 932, 931, 430, 439, 502, 507, 493, 510, 504, 512, 514, 513, 511, 508, 498, 508, 513, 503, 506, 508, 509, 508, 512, 512, 510, 505, 508, 509, 502, 506, 486, 509, 511, 506, 508, 511, 513, 512, 510, 506, 510, 506, 502, 559] [107, 4, 4, 4, 4, 73, 17, 14, 32, 33, 31, 32, 31, 15, 31, 14, 32, 15, 14, 14, 14, 15, 14, 32, 32, 15, 13, 14, 14, 32, 14, 14, 32, 16, 14, 31, 14, 32, 13, 14, 14, 15, 14, 14, 14, 32, 114]
detected TFA Dostmann !
temperature:18.56, humidity:50, channel:1
True [600, 982, 939, 940, 925, 484, 478, 505, 506, 496, 510, 508, 509, 514, 510, 511, 514, 504, 512, 515, 508, 512, 508, 507, 510, 506, 510, 513, 509, 506, 506, 508, 509, 497, 510, 505, 504, 506, 515, 509, 505, 502, 506, 505, 500, 508, 564] [106, 4, 4, 4, 4, 65, 15, 14, 32, 33, 31, 32, 31, 15, 31, 14, 31, 15, 13, 14, 14, 15, 14, 32, 31, 15, 13, 14, 14, 32, 14, 14, 32, 15, 14, 32, 14, 32, 13, 14, 14, 15, 14, 14, 15, 32, 113]
detected TFA Dostmann !
temperature:18.56, humidity:50, channel:1
True [599, 982, 959, 931, 931, 485, 482, 499, 496, 493, 506, 505, 509, 508, 512, 507, 515, 503, 511, 506, 509, 507, 505, 505, 506, 510, 508, 510, 505, 497, 509, 507, 508, 495, 513, 498, 507, 466, 514, 493, 502, 508, 512, 509, 504, 497, 560] [107, 4, 4, 4, 4, 65, 15, 15, 32, 33, 31, 32, 32, 15, 31, 32, 14, 33, 13, 14, 14, 15, 14, 32, 32, 15, 14, 14, 14, 33, 14, 32, 32, 15, 13, 32, 14, 35, 13, 15, 14, 15, 13, 14, 14, 32, 114]
detected TFA Dostmann !
temperature:18.78, humidity:50, channel:1
True [592, 973, 955, 931, 928, 454, 443, 497, 499, 486, 504, 505, 504, 508, 508, 508, 506, 488, 510, 506, 504, 506, 498, 504, 506, 508, 507, 506, 500, 502, 507, 504, 505, 480, 510, 505, 507, 503, 504, 509, 504, 504, 506, 502, 499, 503, 551] [108, 4, 4, 4, 4, 69, 17, 15, 32, 34, 31, 32, 32, 15, 31, 32, 14, 34, 13, 14, 14, 15, 14, 32, 32, 15, 14, 14, 15, 33, 14, 32, 32, 16, 14, 32, 14, 33, 14, 14, 14, 15, 14, 14, 15, 32, 116]
detected TFA Dostmann !
temperature:18.78, humidity:50, channel:1
True [589, 977, 949, 931, 927, 458, 462, 501, 496, 486, 508, 507, 516, 514, 509, 509, 515, 494, 516, 510, 510, 510, 510, 506, 513, 506, 511, 508, 507, 502, 506, 507, 505, 489, 509, 510, 509, 510, 510, 511, 510, 503, 513, 503, 504, 505, 553] [108, 4, 4, 4, 4, 68, 16, 15, 32, 34, 31, 32, 31, 15, 31, 31, 14, 33, 13, 14, 14, 15, 14, 32, 31, 15, 13, 14, 14, 33, 14, 32, 32, 16, 14, 31, 14, 32, 13, 14, 14, 15, 13, 14, 14, 32, 115]
detected TFA Dostmann !
temperature:18.78, humidity:50, channel:1
True [594, 978, 952, 930, 924, 478, 482, 499, 499, 486, 506, 506, 507, 510, 506, 510, 515, 497, 511, 502, 503, 506, 507, 503, 507, 502, 508, 509, 503, 503, 504, 504, 506, 489, 509, 503, 504, 506, 509, 506, 505, 499, 504, 503, 503, 500, 549] [107, 4, 4, 4, 4, 66, 15, 15, 32, 34, 31, 32, 32, 15, 31, 31, 14, 33, 13, 14, 14, 15, 14, 32, 32, 15, 14, 14, 14, 33, 14, 32, 32, 16, 14, 32, 14, 32, 14, 14, 14, 15, 14, 14, 14, 32, 116]
detected TFA Dostmann !
temperature:18.78, humidity:50, channel:1
True [593, 980, 950, 932, 925, 451, 461, 499, 497, 486, 504, 507, 508, 512, 505, 511, 513, 492, 512, 505, 503, 512, 507, 505, 505, 504, 509, 505, 510, 505, 502, 505, 508, 488, 509, 507, 503, 503, 511, 508, 508, 501, 507, 504, 505, 503, 550] [108, 4, 4, 4, 4, 70, 16, 15, 32, 34, 31, 32, 32, 15, 31, 31, 14, 33, 13, 14, 14, 15, 14, 32, 32, 15, 14, 14, 14, 32, 14, 32, 32, 16, 14, 32, 14, 33, 13, 14, 14, 15, 14, 14, 14, 32, 116]
detected TFA Dostmann !
temperature:18.78, humidity:50, channel:1
True [598, 982, 953, 936, 928, 431, 434, 501, 501, 489, 508, 509, 513, 516, 512, 508, 513, 499, 506, 505, 509, 509, 503, 502, 505, 518, 510, 510, 507, 499, 509, 508, 509, 486, 502, 511, 505, 508, 447, 511, 514, 512, 508, 512, 506, 504, 556] [107, 4, 4, 4, 4, 73, 17, 15, 32, 34, 31, 31, 31, 15, 13, 14, 31, 15, 14, 14, 14, 15, 14, 32, 32, 15, 14, 14, 14, 33, 14, 32, 14, 34, 14, 31, 14, 32, 16, 14, 14, 15, 14, 14, 14, 32, 115]
detected TFA Dostmann !
temperature:18.72, humidity:50, channel:1
True [590, 972, 934, 932, 931, 478, 484, 498, 501, 497, 501, 507, 513, 513, 510, 505, 506, 493, 512, 512, 511, 503, 508, 507, 512, 511, 507, 504, 513, 508, 515, 501, 510, 495, 510, 506, 508, 501, 514, 507, 507, 506, 503, 505, 503, 503, 558] [108, 4, 4, 4, 4, 66, 15, 15, 32, 33, 31, 32, 31, 15, 14, 32, 32, 33, 13, 14, 14, 15, 14, 32, 31, 15, 14, 14, 14, 32, 13, 32, 14, 15, 13, 32, 14, 33, 13, 14, 14, 15, 14, 14, 14, 32, 114]
detected TFA Dostmann !
temperature:18.67, humidity:50, channel:1
True [596, 982, 956, 934, 932, 455, 454, 503, 502, 489, 509, 512, 513, 508, 508, 515, 515, 495, 515, 509, 508, 508, 510, 509, 505, 513, 511, 514, 507, 502, 518, 510, 513, 488, 510, 509, 505, 508, 513, 511, 506, 508, 510, 508, 506, 500, 563] [107, 4, 4, 4, 4, 69, 16, 14, 32, 34, 31, 31, 31, 15, 31, 31, 14, 33, 13, 14, 14, 15, 13, 32, 32, 15, 13, 14, 14, 33, 13, 31, 31, 16, 14, 31, 14, 32, 13, 14, 14, 15, 13, 14, 14, 32, 113]
detected TFA Dostmann !
temperature:18.78, humidity:50, channel:1
True [601, 978, 953, 937, 927, 481, 482, 501, 500, 495, 499, 513, 511, 512, 514, 509, 516, 505, 511, 510, 507, 510, 510, 510, 511, 505, 509, 510, 511, 507, 510, 506, 504, 495, 513, 502, 500, 509, 510, 506, 510, 506, 504, 506, 506, 506, 562] [106, 4, 4, 4, 4, 65, 15, 15, 32, 33, 31, 31, 31, 15, 30, 31, 31, 15, 13, 14, 14, 15, 14, 31, 31, 15, 14, 14, 14, 32, 31, 14, 14, 15, 13, 32, 15, 32, 13, 14, 14, 15, 14, 14, 14, 32, 114]
detected TFA Dostmann !
temperature:18.89, humidity:50, channel:1
True [540, 902, 951, 929, 927, 448, 459, 499, 495, 489, 502, 507, 511, 508, 509, 513, 513, 499, 511, 504, 508, 508, 507, 503, 502, 513, 509, 506, 503, 499, 508, 507, 509, 477, 505, 499, 508, 499, 510, 508, 500, 505, 504, 500, 501, 500, 555] [118, 4, 4, 4, 4, 70, 16, 15, 32, 34, 31, 32, 31, 15, 31, 31, 31, 15, 13, 14, 14, 15, 14, 32, 32, 15, 14, 14, 14, 33, 31, 14, 14, 16, 14, 32, 14, 33, 13, 14, 15, 15, 14, 15, 15, 32, 115]
detected TFA Dostmann !
temperature:18.89, humidity:50, channel:1
True [593, 977, 954, 933, 927, 484, 483, 499, 497, 492, 510, 505, 508, 510, 511, 504, 512, 507, 512, 513, 504, 511, 509, 506, 514, 508, 508, 507, 507, 499, 509, 507, 512, 492, 504, 501, 503, 508, 513, 509, 506, 503, 508, 502, 508, 506, 563] [108, 4, 4, 4, 4, 65, 15, 15, 32, 33, 31, 32, 32, 15, 31, 32, 31, 15, 13, 14, 14, 15, 14, 32, 31, 15, 14, 14, 14, 33, 31, 14, 14, 15, 14, 32, 14, 32, 13, 14, 14, 15, 14, 14, 14, 32, 113]
detected TFA Dostmann !
temperature:18.89, humidity:50, channel:1
True [599, 976, 948, 933, 923, 486, 482, 498, 501, 485, 506, 501, 509, 515, 510, 510, 506, 501, 510, 507, 501, 507, 506, 506, 510, 509, 512, 509, 505, 507, 513, 513, 512, 497, 506, 497, 499, 509, 514, 509, 504, 501, 505, 504, 507, 502, 553] [107, 4, 4, 4, 4, 65, 15, 15, 32, 34, 31, 32, 31, 15, 31, 31, 32, 15, 13, 14, 15, 15, 14, 32, 31, 15, 13, 14, 14, 32, 31, 14, 14, 15, 14, 32, 15, 32, 13, 14, 14, 15, 14, 14, 14, 32, 115]
detected TFA Dostmann !
temperature:18.89, humidity:50, channel:1
True [593, 972, 949, 929, 926, 468, 468, 499, 497, 491, 508, 502, 455, 516, 513, 515, 511, 501, 516, 507, 513, 505, 509, 506, 511, 508, 508, 503, 506, 508, 508, 509, 503, 483, 506, 505, 510, 497, 508, 510, 509, 506, 508, 501, 502, 502, 555] [108, 4, 4, 4, 4, 67, 16, 15, 32, 33, 31, 32, 35, 15, 31, 31, 31, 15, 13, 14, 14, 15, 14, 32, 31, 15, 14, 14, 14, 32, 31, 14, 14, 16, 14, 32, 14, 33, 14, 14, 14, 15, 14, 15, 15, 32, 115]
detected TFA Dostmann !
temperature:18.89, humidity:50, channel:1
True [591, 977, 947, 926, 928, 479, 479, 499, 493, 494, 504, 504, 508, 512, 507, 511, 510, 500, 510, 504, 508, 505, 505, 502, 501, 507, 509, 506, 501, 503, 506, 510, 508, 487, 505, 496, 506, 505, 511, 503, 500, 501, 506, 504, 501, 499, 552] [108, 4, 4, 4, 4, 66, 15, 15, 33, 33, 31, 32, 32, 15, 31, 31, 31, 15, 13, 14, 14, 15, 14, 32, 32, 15, 14, 14, 15, 33, 31, 14, 14, 16, 14, 32, 14, 32, 14, 14, 15, 15, 14, 14, 15, 32, 116]
detected TFA Dostmann !
temperature:18.89, humidity:50, channel:1
True [591, 976, 941, 930, 928, 449, 446, 497, 498, 488, 505, 507, 502, 510, 512, 510, 513, 490, 512, 509, 507, 505, 502, 504, 503, 508, 509, 504, 496, 501, 509, 507, 510, 477, 505, 504, 505, 502, 507, 503, 505, 504, 506, 502, 498, 501, 551] [108, 4, 4, 4, 4, 70, 17, 15, 32, 34, 31, 32, 32, 15, 31, 31, 31, 16, 13, 14, 14, 15, 14, 32, 32, 15, 14, 14, 15, 33, 31, 14, 14, 16, 14, 32, 14, 33, 14, 14, 14, 15, 14, 14, 15, 32, 116]
detected TFA Dostmann !
temperature:18.89, humidity:50, channel:1
True [596, 979, 948, 932, 928, 482, 481, 500, 500, 494, 503, 505, 508, 511, 510, 513, 508, 504, 511, 512, 510, 508, 507, 508, 510, 511, 506, 521, 506, 509, 508, 511, 503, 495, 512, 504, 510, 505, 507, 511, 508, 508, 507, 511, 502, 505, 563] [107, 4, 4, 4, 4, 65, 15, 15, 32, 33, 31, 32, 32, 15, 31, 31, 32, 15, 13, 14, 14, 15, 14, 32, 31, 15, 14, 14, 14, 32, 31, 14, 32, 15, 13, 32, 14, 15, 31, 14, 14, 32, 14, 14, 15, 32, 113]
detected TFA Dostmann !
temperature:19.0, humidity:49, channel:1
True [593, 978, 951, 930, 931, 438, 446, 502, 494, 489, 507, 510, 613, 511, 505, 509, 512, 505, 511, 506, 509, 508, 506, 509, 502, 508, 506, 507, 504, 504, 507, 502, 511, 482, 510, 504, 512, 508, 508, 508, 503, 511, 506, 508, 505, 557] [108, 4, 4, 4, 4, 72, 17, 15, 33, 34, 31, 31, 12, 31, 14, 31, 32, 14, 14, 14, 15, 14, 32, 32, 15, 14, 14, 14, 33, 31, 14, 32, 32, 14, 31, 14, 15, 31, 14, 14, 33, 13, 14, 14, 32, 115]
[17, 15, 33, 34, 31, 31, 12, 31, 14, 31, 32, 14, 14, 14, 15, 14, 32, 32, 15, 14, 14, 14, 33, 31, 14, 32, 32, 14, 31, 14, 15, 31, 14, 14, 33, 13, 14, 14, 32, 115]
occur1:14, occur2:31, removed [108, 4, 4, 4, 4, 72]
001111010110000011000011011010010010001
True [599, 965, 947, 932, 932, 462, 466, 501, 498, 493, 507, 508, 512, 505, 513, 516, 508, 497, 518, 507, 509, 507, 508, 504, 504, 509, 511, 508, 506, 504, 510, 511, 504, 479, 515, 506, 512, 508, 512, 508, 505, 507, 514, 503, 510, 501, 558] [107, 4, 4, 4, 4, 68, 16, 15, 32, 33, 31, 32, 31, 15, 31, 14, 32, 33, 13, 14, 14, 15, 14, 32, 32, 15, 13, 14, 14, 33, 31, 14, 32, 34, 13, 32, 14, 15, 31, 14, 14, 32, 13, 14, 14, 32, 114]
detected TFA Dostmann !
temperature:19.06, humidity:49, channel:1
True [599, 972, 946, 937, 927, 467, 483, 500, 503, 488, 504, 508, 508, 517, 515, 505, 512, 499, 511, 515, 507, 512, 509, 508, 510, 510, 512, 505, 508, 507, 513, 507, 505, 490, 512, 507, 509, 507, 511, 512, 512, 506, 515, 509, 505, 508, 559] [107, 4, 4, 4, 4, 67, 15, 15, 32, 34, 31, 32, 32, 15, 30, 14, 31, 33, 13, 14, 14, 15, 14, 32, 31, 15, 13, 14, 14, 32, 31, 14, 32, 33, 13, 32, 14, 15, 31, 14, 14, 32, 13, 14, 14, 32, 114]
detected TFA Dostmann !
temperature:19.06, humidity:49, channel:1
True [596, 980, 955, 933, 925, 425, 436, 497, 499, 489, 503, 509, 506, 511, 507, 506, 508, 497, 512, 509, 507, 509, 510, 503, 508, 509, 506, 507, 507, 505, 509, 502, 502, 484, 516, 511, 506, 502, 510, 510, 510, 503, 504, 426, 510, 497, 563] [107, 4, 4, 4, 4, 74, 17, 15, 32, 34, 31, 32, 32, 15, 31, 14, 32, 33, 13, 14, 14, 15, 14, 32, 32, 15, 14, 14, 14, 33, 31, 14, 32, 34, 13, 31, 14, 15, 31, 14, 14, 33, 14, 17, 14, 32, 113]
detected TFA Dostmann !
temperature:19.06, humidity:49, channel:1
True [245, 244, 236, 202, 224, 161, 181, 217, 219, 190, 215, 200, 220, 208, 210, 204, 208, 165, 222, 195, 215, 198, 213, 202, 215, 202, 214, 194, 198, 197, 210, 198, 208, 177, 221, 209, 204, 199, 206, 198, 212, 203, 214, 198, 207, 205, 215, 199, 202, 200, 191, 194, 210, 202, 213, 210, 208, 193, 194, 205, 215, 182, 204, 215, 209, 161, 213] [170, 42, 21, 4, 22, 5, 27, 4, 22, 4, 23, 4, 22, 4, 4, 24, 24, 5, 22, 4, 23, 4, 4, 24, 4, 24, 23, 4, 4, 25, 4, 25, 4, 28, 4, 24, 24, 4, 4, 25, 23, 4, 4, 25, 4, 24, 23, 4, 4, 25, 26, 4, 4, 24, 4, 23, 4, 26, 26, 4, 23, 5, 24, 4, 24, 5, 196]
detected Smartwares !
1010101010100110101001011001010101100110010110011001010110101010

